<unk> 0.1 0.1 0.1 0.1 0.1 0.1 0.1 0.1
<pad> 0.0 0.0 0.0 0.0 0.0 0.0 0.0 0.0
<sow> 0.06 0.06 0.06 0.06 0.06 0.06 0.06 0.06
<eow> 0.05 0.05 0.05 0.05 0.05 0.05 0.05 0.05
! 0.0 0.0 1.0 0.0 0.0 0.0 0.0 1
" 0.0 0.0 1.0 0.0 0.0 0.0 1.0 0
# 0.0 0.0 1.0 0.0 0.0 0.0 1.0 1
$ 0.0 0.0 1.0 0.0 0.0 1.0 0.0 0
% 0.0 0.0 1.0 0.0 0.0 1.0 0.0 1
& 0.0 0.0 1.0 0.0 0.0 1.0 1.0 0
' 0.0 0.0 1.0 0.0 0.0 1.0 1.0 1
( 0.0 0.0 1.0 0.0 1.0 0.0 0.0 0
) 0.0 0.0 1.0 0.0 1.0 0.0 0.0 1
* 0.0 0.0 1.0 0.0 1.0 0.0 1.0 0
+ 0.0 0.0 1.0 0.0 1.0 0.0 1.0 1
, 0.0 0.0 1.0 0.0 1.0 1.0 0.0 0
- 0.0 0.0 1.0 0.0 1.0 1.0 0.0 1
. 0.0 0.0 1.0 0.0 1.0 1.0 1.0 0
/ 0.0 0.0 1.0 0.0 1.0 1.0 1.0 1
0 0.0 0.0 1.0 1.0 0.0 0.0 0.0 0
1 0.0 0.0 1.0 1.0 0.0 0.0 0.0 1
2 0.0 0.0 1.0 1.0 0.0 0.0 1.0 0
3 0.0 0.0 1.0 1.0 0.0 0.0 1.0 1
4 0.0 0.0 1.0 1.0 0.0 1.0 0.0 0
5 0.0 0.0 1.0 1.0 0.0 1.0 0.0 1
6 0.0 0.0 1.0 1.0 0.0 1.0 1.0 0
7 0.0 0.0 1.0 1.0 0.0 1.0 1.0 1
8 0.0 0.0 1.0 1.0 1.0 0.0 0.0 0
9 0.0 0.0 1.0 1.0 1.0 0.0 0.0 1
: 0.0 0.0 1.0 1.0 1.0 0.0 1.0 0
; 0.0 0.0 1.0 1.0 1.0 0.0 1.0 1
< 0.0 0.0 1.0 1.0 1.0 1.0 0.0 0
= 0.0 0.0 1.0 1.0 1.0 1.0 0.0 1
> 0.0 0.0 1.0 1.0 1.0 1.0 1.0 0
? 0.0 0.0 1.0 1.0 1.0 1.0 1.0 1
@ 0.0 1.0 0.0 0.0 0.0 0.0 0.0 0
A 0.0 1.0 0.0 0.0 0.0 0.0 0.0 1
B 0.0 1.0 0.0 0.0 0.0 0.0 1.0 0
C 0.0 1.0 0.0 0.0 0.0 0.0 1.0 1
D 0.0 1.0 0.0 0.0 0.0 1.0 0.0 0
E 0.0 1.0 0.0 0.0 0.0 1.0 0.0 1
F 0.0 1.0 0.0 0.0 0.0 1.0 1.0 0
G 0.0 1.0 0.0 0.0 0.0 1.0 1.0 1
H 0.0 1.0 0.0 0.0 1.0 0.0 0.0 0
I 0.0 1.0 0.0 0.0 1.0 0.0 0.0 1
J 0.0 1.0 0.0 0.0 1.0 0.0 1.0 0
K 0.0 1.0 0.0 0.0 1.0 0.0 1.0 1
L 0.0 1.0 0.0 0.0 1.0 1.0 0.0 0
M 0.0 1.0 0.0 0.0 1.0 1.0 0.0 1
N 0.0 1.0 0.0 0.0 1.0 1.0 1.0 0
O 0.0 1.0 0.0 0.0 1.0 1.0 1.0 1
P 0.0 1.0 0.0 1.0 0.0 0.0 0.0 0
Q 0.0 1.0 0.0 1.0 0.0 0.0 0.0 1
R 0.0 1.0 0.0 1.0 0.0 0.0 1.0 0
S 0.0 1.0 0.0 1.0 0.0 0.0 1.0 1
T 0.0 1.0 0.0 1.0 0.0 1.0 0.0 0
U 0.0 1.0 0.0 1.0 0.0 1.0 0.0 1
V 0.0 1.0 0.0 1.0 0.0 1.0 1.0 0
W 0.0 1.0 0.0 1.0 0.0 1.0 1.0 1
X 0.0 1.0 0.0 1.0 1.0 0.0 0.0 0
Y 0.0 1.0 0.0 1.0 1.0 0.0 0.0 1
Z 0.0 1.0 0.0 1.0 1.0 0.0 1.0 0
[ 0.0 1.0 0.0 1.0 1.0 0.0 1.0 1
\ 0.0 1.0 0.0 1.0 1.0 1.0 0.0 0
] 0.0 1.0 0.0 1.0 1.0 1.0 0.0 1
^ 0.0 1.0 0.0 1.0 1.0 1.0 1.0 0
_ 0.0 1.0 0.0 1.0 1.0 1.0 1.0 1
` 0.0 1.0 1.0 0.0 0.0 0.0 0.0 0
a 0.0 1.0 1.0 0.0 0.0 0.0 0.0 1
b 0.0 1.0 1.0 0.0 0.0 0.0 1.0 0
c 0.0 1.0 1.0 0.0 0.0 0.0 1.0 1
d 0.0 1.0 1.0 0.0 0.0 1.0 0.0 0
e 0.0 1.0 1.0 0.0 0.0 1.0 0.0 1
f 0.0 1.0 1.0 0.0 0.0 1.0 1.0 0
g 0.0 1.0 1.0 0.0 0.0 1.0 1.0 1
h 0.0 1.0 1.0 0.0 1.0 0.0 0.0 0
i 0.0 1.0 1.0 0.0 1.0 0.0 0.0 1
j 0.0 1.0 1.0 0.0 1.0 0.0 1.0 0
k 0.0 1.0 1.0 0.0 1.0 0.0 1.0 1
l 0.0 1.0 1.0 0.0 1.0 1.0 0.0 0
m 0.0 1.0 1.0 0.0 1.0 1.0 0.0 1
n 0.0 1.0 1.0 0.0 1.0 1.0 1.0 0
o 0.0 1.0 1.0 0.0 1.0 1.0 1.0 1
p 0.0 1.0 1.0 1.0 0.0 0.0 0.0 0
q 0.0 1.0 1.0 1.0 0.0 0.0 0.0 1
r 0.0 1.0 1.0 1.0 0.0 0.0 1.0 0
s 0.0 1.0 1.0 1.0 0.0 0.0 1.0 1
t 0.0 1.0 1.0 1.0 0.0 1.0 0.0 0
u 0.0 1.0 1.0 1.0 0.0 1.0 0.0 1
v 0.0 1.0 1.0 1.0 0.0 1.0 1.0 0
w 0.0 1.0 1.0 1.0 0.0 1.0 1.0 1
x 0.0 1.0 1.0 1.0 1.0 0.0 0.0 0
y 0.0 1.0 1.0 1.0 1.0 0.0 0.0 1
z 0.0 1.0 1.0 1.0 1.0 0.0 1.0 0
{ 0.0 1.0 1.0 1.0 1.0 0.0 1.0 1
| 0.0 1.0 1.0 1.0 1.0 1.0 0.0 0
} 0.0 1.0 1.0 1.0 1.0 1.0 0.0 1
~ 0.0 1.0 1.0 1.0 1.0 1.0 1.0 0
